image: synthetic.map.png
resolution: 0.030000
origin: [-15.374999, -15.374999, 0.000000]
negate: 0
occupied_thresh: 0.65
free_thresh: 0.196

